TP: 95
TN: 104
FP: 5
FN: 11

Precision: 0.95
Recall: 0.8962264150943396
F1 score: 0.9223300970873787